34
23 26 116
26 2 353
26 3 204
26 27 185
2 1 242
2 3 136
1 36 276
1 5 347
1 28 235
36 4 83
36 5 224
4 5 184
4 38 148
5 38 219
5 39 127
5 6 75
5 28 278
28 6 221
28 7 149
28 27 191
27 3 17
27 8 229
38 41 334
38 39 222
39 12 225 
39 9 262
39 6 148
6 7 85
6 9 286
7 8 141
8 30 233
41 10 349
41 12 159
12 10 480
12 11 399
12 13 177
12 54 276
13 17 235 
13 14 151
13 9 197
9 14 63
9 15 177
9 30 207
30 16 371
14 15 112
15 17 152
15 16 194
10 11 185
10 43 269
10 52 329
11 54 278
11 59 482
11 50 286
11 52 202
54 17 182
54 59 281
17 16 221
59 16 348
59 50 311
43 52 358
43 48 279
52 48 237
50 48 266
48 18 216
48 46 271
46 18 241
18 50 283